内参是：
 [[1.75122929e+03 0.00000000e+00 2.04177861e+03]
 [0.00000000e+00 1.75077018e+03 1.54760880e+03]
 [0.00000000e+00 0.00000000e+00 1.00000000e+00]] 
畸变参数是：
 [[-2.71231624e-01  1.14110991e-01  6.74050196e-05  9.73340843e-05
  -2.90130939e-02]] 
外参：旋转向量是：
 [array([[ 0.25166029],
       [-0.14855839],
       [-0.04406074]]), array([[ 0.2464423 ],
       [ 0.20496976],
       [-0.03522752]]), array([[ 0.25177536],
       [ 0.29033057],
       [-0.02979016]]), array([[ 0.21610793],
       [ 0.35917349],
       [-0.02382892]]), array([[ 0.20833416],
       [ 0.41900605],
       [-0.01677257]]), array([[0.25118849],
       [0.06576471],
       [0.02345831]]), array([[ 0.12999083],
       [ 0.05644678],
       [-0.01669142]]), array([[0.26927464],
       [0.02742505],
       [0.00547319]]), array([[ 0.10528097],
       [-0.25676954],
       [-0.077196  ]]), array([[ 0.05344754],
       [ 0.25404257],
       [-0.07315119]]), array([[0.20516532],
       [0.25288934],
       [0.01850967]]), array([[ 0.27623196],
       [-0.13579149],
       [-0.06279872]]), array([[ 0.26456749],
       [-0.03655606],
       [-0.05006537]]), array([[ 0.25877532],
       [ 0.10436397],
       [-0.0894098 ]]), array([[ 0.25699147],
       [-0.12999218],
       [-0.04610163]]), array([[ 0.03671552],
       [-0.27247995],
       [-0.15039362]]), array([[-0.02633048],
       [ 0.2873647 ],
       [ 0.02785842]]), array([[0.19503954],
       [0.04646514],
       [0.47356992]]), array([[ 0.18842345],
       [-0.14616526],
       [-0.58694764]]), array([[0.21500941],
       [0.10779354],
       [0.50173234]]), array([[ 0.20604694],
       [-0.13914287],
       [ 0.52162208]]), array([[ 0.20920506],
       [ 0.16640595],
       [-0.7906246 ]]), array([[ 0.23507684],
       [-0.06927324],
       [-0.76879848]]), array([[ 0.25322265],
       [-0.06209186],
       [-0.60534031]]), array([[0.25754362],
       [0.07569298],
       [0.35112861]]), array([[0.2325854 ],
       [0.09520271],
       [0.56637789]]), array([[ 2.54962672e-01],
       [ 1.82199918e-02],
       [-7.79737537e-05]]), array([[ 0.16835767],
       [-0.15570532],
       [ 0.00404679]]), array([[ 0.1423628 ],
       [ 0.23602812],
       [-0.03785466]]), array([[ 0.03247334],
       [-0.00956499],
       [-0.01856491]])] 
外参：平移矩阵是：
 [array([[-47.83532564],
       [-71.95931612],
       [107.34630436]]), array([[-73.36199077],
       [-73.32898466],
       [116.7358312 ]]), array([[-93.17350644],
       [-76.53028798],
       [120.29011734]]), array([[-101.46143805],
       [ -74.35929514],
       [ 125.79353075]]), array([[-107.6734793 ],
       [ -78.70992483],
       [ 129.90307219]]), array([[-47.02896328],
       [-79.13490572],
       [106.24132801]]), array([[ -51.90980726],
       [-102.74994748],
       [ 119.3297185 ]]), array([[-53.78573896],
       [-63.69874204],
       [ 99.46835731]]), array([[-32.52173428],
       [-90.39944457],
       [101.81871006]]), array([[-96.64847583],
       [-91.39768664],
       [129.09296216]]), array([[-90.55175227],
       [-56.38332857],
       [112.27367374]]), array([[-22.21207419],
       [-41.97702855],
       [ 80.59256424]]), array([[-46.18828957],
       [-41.0123846 ],
       [ 91.35364801]]), array([[-79.58096556],
       [-33.21661066],
       [ 93.99346461]]), array([[-33.26978103],
       [-39.94951977],
       [ 81.40366836]]), array([[-38.76066597],
       [-97.96655612],
       [ 92.68705874]]), array([[-71.0008337 ],
       [-93.07814729],
       [129.63648054]]), array([[  7.3049957 ],
       [-82.23813722],
       [124.63645854]]), array([[-86.67912071],
       [-26.50655235],
       [117.75769388]]), array([[ 18.23794602],
       [-87.4153405 ],
       [128.1756264 ]]), array([[ 14.19665897],
       [-93.13374697],
       [109.15004949]]), array([[-115.06446768],
       [ -16.25610503],
       [ 121.64819732]]), array([[-108.50387472],
       [  -8.10688544],
       [ 123.82066874]]), array([[-97.69829675],
       [-28.62632307],
       [116.02525584]]), array([[ -6.33116304],
       [-85.79071929],
       [115.32378738]]), array([[ 15.11717779],
       [-82.12657236],
       [110.70688732]]), array([[-40.99853455],
       [-68.48954234],
       [106.48031388]]), array([[-25.20553511],
       [-77.87246729],
       [103.53104222]]), array([[-74.55277305],
       [-83.4833937 ],
       [118.66448047]]), array([[-50.62875279],
       [-84.87877526],
       [128.78121588]])]
total error:  0.033369519266958435
