内参是：
 [[1.75042604e+03 0.00000000e+00 2.04262666e+03]
 [0.00000000e+00 1.74985464e+03 1.54945953e+03]
 [0.00000000e+00 0.00000000e+00 1.00000000e+00]] 
畸变参数是：
 [[-2.66988368e-01  1.06389844e-01  1.62771018e-04  1.44356501e-04
  -2.43167293e-02]] 
外参：旋转向量是：
 [array([[ 0.19785358],
       [ 0.33804656],
       [-0.01114052]]), array([[ 0.09803899],
       [-0.00501243],
       [-0.02496493]]), array([[ 0.06797559],
       [-0.35279847],
       [-0.07932855]]), array([[ 0.10222762],
       [ 0.31779138],
       [-0.06243577]]), array([[-0.0170742 ],
       [ 0.2323519 ],
       [-0.02362186]]), array([[ 0.02207359],
       [-0.38258641],
       [-0.12223952]]), array([[ 0.46073831],
       [ 0.24695023],
       [-0.0056539 ]]), array([[ 0.34677256],
       [ 0.02726888],
       [-0.02978823]]), array([[ 0.34513628],
       [-0.10690915],
       [-0.06765052]]), array([[ 0.37171703],
       [-0.2248671 ],
       [-0.09338996]]), array([[ 0.36391577],
       [ 0.13140317],
       [-0.05135223]]), array([[ 0.37395516],
       [ 0.18479123],
       [-0.05042273]]), array([[ 0.36975543],
       [ 0.23659802],
       [-0.05278119]]), array([[ 0.37902383],
       [ 0.29764026],
       [-0.08214844]]), array([[ 0.25605274],
       [-0.02997342],
       [-0.02872011]]), array([[ 0.14641828],
       [-0.37039883],
       [-0.01370917]]), array([[0.14875264],
       [0.28340774],
       [0.01539696]]), array([[0.11422819],
       [0.2827536 ],
       [0.02298118]])] 
外参：平移矩阵是：
 [array([[-84.11961731],
       [-78.85496775],
       [122.56540818]]), array([[ -56.87319684],
       [-113.64663354],
       [ 128.3474392 ]]), array([[-34.36401486],
       [-99.92514884],
       [133.60234772]]), array([[-82.31865178],
       [-83.88012473],
       [140.33359864]]), array([[ -97.13192495],
       [-107.07509649],
       [ 151.98547536]]), array([[ -44.39566164],
       [-112.02309831],
       [ 117.83214123]]), array([[-59.82279263],
       [-58.77116089],
       [109.45360158]]), array([[-53.74597443],
       [-73.91785131],
       [123.8084716 ]]), array([[-54.73983377],
       [-69.43820172],
       [114.48368203]]), array([[-44.6855801 ],
       [-71.52281258],
       [104.53139271]]), array([[-68.05338729],
       [-71.71484787],
       [127.83136245]]), array([[-92.1113671 ],
       [-71.63434589],
       [121.05351598]]), array([[-101.21139624],
       [ -72.2866332 ],
       [ 125.01501992]]), array([[-114.52947245],
       [ -74.81875617],
       [ 127.86235601]]), array([[-55.22412014],
       [-64.6148988 ],
       [112.12471139]]), array([[-19.36961158],
       [-93.76290853],
       [106.28713744]]), array([[-105.86678805],
       [-107.17369589],
       [ 125.16691309]]), array([[-121.4738908 ],
       [ -97.64714795],
       [ 130.49786312]])]
total error:  0.03713524431357019